|Method($\log$) | 1 | 2|**3**|4|5|6|7| 
|:---:|:---:|:--:|:---:|:---:|:--:|:---:|:--:|
|Laplace | -3007 |-2535 |**-2223** |-2257 |-2285 |-2310 |-2329|
|DIC |84300 |17779|**7302**|7317|7325|7363|7405|
|GD|-3062 |-2631| **-2347**| -2397| -2436| -2470| -2495|
|MSE |1.032 |0.186 |**0.0120** |0.014 |0.0170| 0.0192| 0.0217|


|:---:|:-----:|:----:|:----:|:-----:|:-----:|:----:|:----:|:----:|:----:|:----:|:----:|
|1.07 | 0.17  | 0.01 | 2.34 | -0.89 | -0.12 | -0.11| -0.08| -0.07| 0.03 | 1.26 | -1.10| 
|-0.02| 1.00  | 0.04 | -0.14| -0.17 | -2.83 | 2.10 | 0.10 | 0.03 | 0.03 | -1.04| 3.17 | 
|0.13 | -0.03 | 0.99 | 0.18 | -0.02 | 0.08  | 0.00 | 3.06 | -2.85| 4.03 | 2.10 | 2.06 | 
|0.94 | 0.14  | 0.03 | 2.05 | -0.78 | -0.08 | -0.11| -0.03| -0.10| 0.07 | 1.13 | -0.95| 
|0.04 | 0.99  | 0.04 | -0.00| -0.21 | -2.79 | 2.05 | 0.10 | 0.01 | 0.04 | -0.95| 3.05 | 
|0.12 | 1.05  | 0.00 | 0.18 | -0.29 | -2.93 | 2.14 | -0.02| 0.12 | -0.12| -0.98| 3.03 | 
|0.08 | -0.01 | 0.98 | 0.08 | 0.01  | 0.03  | 0.04 | 3.03 | -2.81| 3.98 | 2.01 | 2.14 |